GO:0050435,GO:0034205,GO:1902003,GO:1902991,GO:0042987,GO:0042982,GO:1902992,GO:1902430,GO:0006066,GO:1990000,GO:0090209,GO:1900272,GO:0006898,GO:0031532,GO:0060291,GO:0043393,GO:0061097,GO:0002313,GO:0034248,GO:0032092,GO:1902905,GO:0030100,GO:0070997,GO:2000403,GO:0051000,GO:0032959,GO:0050730,GO:0006874,GO:0002335,GO:0035235,GO:0032957,GO:0032459,GO:0055074,GO:0002021,GO:0032770,GO:0051604,GO:0072503,GO:0014009,GO:0019934,GO:0030225,GO:0070374,GO:0018108,GO:0043112,GO:0018212,GO:0019433,GO:2000310,GO:0038083,GO:2000249,GO:0033619,GO:0008203,GO:0051235,GO:0090207,GO:1902652,GO:2000401,GO:0098815,GO:0097242,GO:1905245,GO:0045862,GO:0032958,GO:0046461,GO:0046464,GO:2001257,GO:1900271,GO:0016125,GO:0048259,GO:0050806,GO:0009896,GO:0045732,GO:0106027,GO:0022604,GO:1902004,GO:0006816,GO:0046165,GO:0051098,GO:0051099,GO:1902903,GO:1900221,GO:0042063,GO:0050999,GO:1902993,GO:0044242,GO:0048168,GO:0048167,GO:0051353,GO:1901214,GO:0061098,GO:0050731,GO:0043647,GO:0070838,GO:0051924,GO:1900449,GO:0072511,GO:0007626,GO:0034250,GO:0016485,GO:0045807,GO:0070372,GO:0006869,GO:0034249,GO:1901215,GO:0032768,GO:0046503,GO:0016358,GO:0010951,GO:0065005,GO:0070371,GO:0007015,GO:0099601,GO:0007229,GO:0010876,GO:0010466,GO:1904684,GO:0015909,GO:0007220,GO:0060079
1.0,0.988,0.973,0.257,0.261,0.265,0.241,0.919,0.215,0.241,0.164,0.067,0.085,0.073,0.072,0.033,0.263,0.075,0.578,0.031,0.081,0.083,0.082,0.076,0.121,0.164,0.271,0.086,0.078,0.077,0.166,0.076,0.034,0.028,0.135,0.294,0.087,0.076,0.074,0.075,0.232,0.286,0.194,0.294,0.164,0.07,0.241,0.07,0.255,0.174,0.034,0.174,0.19,0.081,0.075,0.028,0.247,0.281,0.174,0.17,0.169,0.084,0.07,0.182,0.078,0.081,0.161,0.267,0.076,0.034,0.919,0.035,0.202,0.035,0.033,0.086,0.027,0.089,0.128,0.241,0.206,0.074,0.08,0.144,0.08,0.249,0.255,0.18,0.035,0.033,0.075,0.035,0.031,0.528,0.285,0.077,0.241,0.037,0.532,0.076,0.142,0.181,0.081,0.263,0.076,0.244,0.086,0.077,0.072,0.037,0.27,0.232,0.031,0.238,0.078
0.988,1.0,0.985,0.905,0.92,0.902,0.851,0.931,0.211,0.298,0.189,0.066,0.084,0.072,0.071,0.032,0.325,0.074,0.57,0.03,0.08,0.082,0.081,0.075,0.119,0.162,0.335,0.085,0.077,0.076,0.164,0.075,0.033,0.028,0.133,0.363,0.086,0.076,0.073,0.074,0.288,0.353,0.268,0.363,0.189,0.07,0.298,0.07,0.316,0.202,0.034,0.201,0.188,0.08,0.074,0.028,0.305,0.346,0.172,0.196,0.195,0.083,0.07,0.213,0.077,0.08,0.158,0.33,0.076,0.034,0.931,0.034,0.199,0.034,0.032,0.085,0.027,0.088,0.126,0.851,0.236,0.073,0.079,0.143,0.079,0.308,0.316,0.177,0.035,0.032,0.074,0.035,0.031,0.52,0.352,0.076,0.298,0.036,0.525,0.075,0.14,0.208,0.08,0.325,0.075,0.302,0.084,0.076,0.071,0.036,0.334,0.288,0.03,0.294,0.077
0.973,0.985,1.0,0.922,0.905,0.887,0.869,0.946,0.207,0.294,0.305,0.154,0.082,0.071,0.165,0.146,0.434,0.073,0.698,0.136,0.187,0.191,0.079,0.176,0.252,0.16,0.447,0.149,0.075,0.179,0.161,0.176,0.149,0.027,0.281,0.356,0.15,0.074,0.171,0.073,0.386,0.347,0.263,0.356,0.186,0.163,0.294,0.163,0.31,0.199,0.153,0.324,0.184,0.187,0.173,0.028,0.409,0.463,0.169,0.193,0.192,0.193,0.163,0.209,0.18,0.187,0.333,0.442,0.074,0.167,0.946,0.033,0.195,0.155,0.146,0.197,0.135,0.086,0.266,0.869,0.232,0.172,0.185,0.3,0.184,0.412,0.422,0.174,0.034,0.161,0.174,0.034,0.03,0.639,0.345,0.179,0.4,0.035,0.644,0.175,0.295,0.205,0.078,0.434,0.074,0.297,0.083,0.178,0.165,0.035,0.447,0.386,0.03,0.289,0.181
0.257,0.905,0.922,1.0,0.982,0.965,0.937,0.869,0.229,0.317,0.329,0.137,0.035,0.03,0.148,0.16,0.472,0.031,0.448,0.148,0.169,0.173,0.034,0.158,0.27,0.17,0.487,0.164,0.032,0.161,0.172,0.158,0.164,0.029,0.304,0.391,0.165,0.031,0.153,0.031,0.415,0.38,0.288,0.391,0.201,0.146,0.317,0.146,0.336,0.216,0.168,0.351,0.202,0.169,0.155,0.03,0.442,0.506,0.181,0.209,0.207,0.175,0.146,0.228,0.162,0.169,0.366,0.48,0.031,0.184,0.869,0.037,0.215,0.171,0.16,0.179,0.146,0.037,0.287,0.937,0.255,0.154,0.167,0.327,0.166,0.446,0.458,0.187,0.037,0.176,0.156,0.037,0.033,0.406,0.378,0.161,0.431,0.039,0.41,0.157,0.32,0.223,0.033,0.472,0.031,0.321,0.035,0.16,0.148,0.039,0.486,0.415,0.032,0.312,0.163
0.261,0.92,0.905,0.982,1.0,0.983,0.92,0.851,0.234,0.322,0.204,0.028,0.036,0.03,0.03,0.035,0.353,0.031,0.281,0.033,0.034,0.035,0.034,0.032,0.128,0.173,0.365,0.036,0.032,0.032,0.175,0.032,0.036,0.03,0.144,0.399,0.037,0.032,0.031,0.031,0.31,0.388,0.294,0.399,0.204,0.029,0.322,0.029,0.342,0.22,0.037,0.218,0.206,0.034,0.031,0.03,0.33,0.379,0.184,0.213,0.211,0.035,0.029,0.232,0.033,0.034,0.174,0.36,0.032,0.037,0.851,0.038,0.22,0.038,0.035,0.036,0.029,0.038,0.136,0.92,0.26,0.031,0.034,0.155,0.034,0.333,0.342,0.19,0.038,0.036,0.031,0.038,0.034,0.255,0.385,0.032,0.322,0.04,0.257,0.032,0.152,0.227,0.034,0.353,0.032,0.327,0.036,0.032,0.03,0.04,0.364,0.31,0.033,0.317,0.033
0.265,0.902,0.887,0.965,0.983,1.0,0.902,0.834,0.24,0.328,0.207,0.028,0.036,0.031,0.03,0.036,0.359,0.032,0.287,0.033,0.035,0.035,0.035,0.032,0.13,0.175,0.372,0.037,0.033,0.033,0.178,0.032,0.037,0.03,0.147,0.407,0.037,0.032,0.031,0.032,0.315,0.395,0.3,0.407,0.207,0.03,0.328,0.03,0.348,0.224,0.038,0.222,0.21,0.035,0.032,0.031,0.336,0.386,0.188,0.216,0.214,0.036,0.03,0.236,0.033,0.035,0.178,0.366,0.032,0.038,0.834,0.038,0.224,0.039,0.036,0.037,0.03,0.038,0.138,0.902,0.266,0.031,0.034,0.158,0.034,0.339,0.348,0.194,0.039,0.036,0.032,0.039,0.034,0.26,0.393,0.033,0.328,0.041,0.262,0.032,0.155,0.231,0.034,0.359,0.032,0.332,0.037,0.033,0.03,0.041,0.371,0.315,0.033,0.322,0.033
0.241,0.851,0.869,0.937,0.92,0.902,1.0,0.931,0.211,0.298,0.39,0.247,0.033,0.028,0.139,0.149,0.442,0.029,0.414,0.138,0.157,0.161,0.031,0.148,0.256,0.16,0.455,0.152,0.03,0.15,0.162,0.148,0.152,0.028,0.285,0.363,0.153,0.029,0.144,0.029,0.391,0.353,0.268,0.363,0.189,0.137,0.298,0.137,0.316,0.202,0.156,0.329,0.188,0.158,0.146,0.028,0.415,0.471,0.17,0.196,0.195,0.163,0.137,0.213,0.151,0.157,0.339,0.449,0.029,0.171,0.821,0.034,0.199,0.158,0.149,0.166,0.137,0.034,0.27,0.882,0.236,0.145,0.156,0.305,0.155,0.419,0.429,0.175,0.035,0.164,0.146,0.035,0.031,0.378,0.352,0.15,0.406,0.036,0.529,0.281,0.3,0.208,0.031,0.572,0.029,0.302,0.033,0.15,0.139,0.036,0.588,0.507,0.03,0.294,0.152
0.919,0.931,0.946,0.869,0.851,0.834,0.931,1.0,0.192,0.278,0.386,0.231,0.077,0.067,0.156,0.137,0.409,0.069,0.649,0.128,0.175,0.179,0.074,0.165,0.239,0.151,0.42,0.14,0.071,0.168,0.152,0.165,0.14,0.026,0.265,0.333,0.14,0.07,0.161,0.069,0.365,0.325,0.247,0.333,0.176,0.154,0.278,0.154,0.292,0.188,0.143,0.305,0.173,0.175,0.163,0.026,0.386,0.434,0.16,0.182,0.181,0.181,0.154,0.196,0.169,0.175,0.311,0.415,0.07,0.156,0.897,0.031,0.182,0.145,0.137,0.184,0.128,0.08,0.252,0.821,0.216,0.162,0.174,0.282,0.173,0.389,0.398,0.164,0.032,0.151,0.164,0.032,0.028,0.598,0.323,0.168,0.378,0.033,0.747,0.293,0.277,0.193,0.073,0.529,0.07,0.281,0.078,0.167,0.156,0.033,0.543,0.473,0.028,0.274,0.17
0.215,0.211,0.207,0.229,0.234,0.24,0.211,0.192,1.0,0.211,0.211,0.033,0.046,0.037,0.036,0.045,0.237,0.039,0.241,0.041,0.043,0.044,0.044,0.039,0.154,0.677,0.247,0.047,0.041,0.04,0.688,0.039,0.047,0.036,0.178,0.276,0.047,0.04,0.038,0.039,0.201,0.266,0.264,0.276,0.211,0.036,0.211,0.036,0.228,0.743,0.049,0.229,0.843,0.043,0.039,0.037,0.218,0.259,0.734,0.222,0.22,0.045,0.036,0.672,0.041,0.043,0.227,0.242,0.04,0.048,0.192,0.049,0.917,0.05,0.045,0.046,0.036,0.049,0.166,0.211,0.287,0.038,0.042,0.196,0.042,0.22,0.228,0.764,0.05,0.046,0.039,0.05,0.042,0.212,0.264,0.04,0.211,0.053,0.214,0.039,0.191,0.241,0.043,0.237,0.039,0.215,0.046,0.04,0.036,0.053,0.246,0.201,0.041,0.207,0.041
0.241,0.298,0.294,0.317,0.322,0.328,0.298,0.278,0.211,1.0,0.189,0.066,0.305,0.263,0.071,0.032,0.325,0.074,0.254,0.03,0.676,0.298,0.081,0.075,0.119,0.16,0.335,0.085,0.077,0.076,0.162,0.274,0.033,0.028,0.133,0.363,0.086,0.076,0.073,0.074,0.288,0.353,0.268,0.363,0.189,0.07,0.298,0.254,0.316,0.202,0.034,0.201,0.188,0.08,0.074,0.028,0.305,0.346,0.17,0.196,0.195,0.083,0.07,0.213,0.28,0.08,0.158,0.33,0.275,0.034,0.278,0.034,0.199,0.034,0.032,0.715,0.027,0.088,0.126,0.298,0.236,0.073,0.079,0.143,0.079,0.308,0.316,0.175,0.035,0.032,0.074,0.035,0.031,0.232,0.352,0.278,0.298,0.036,0.234,0.075,0.14,0.208,0.29,0.325,0.274,0.302,0.714,0.076,0.071,0.036,0.334,0.288,0.03,0.294,0.077
0.164,0.189,0.305,0.329,0.204,0.207,0.39,0.386,0.211,0.189,1.0,0.247,0.084,0.072,0.168,0.149,0.337,0.074,0.374,0.138,0.19,0.194,0.081,0.179,0.256,0.162,0.347,0.152,0.077,0.182,0.164,0.179,0.152,0.028,0.285,0.23,0.153,0.076,0.173,0.074,0.298,0.224,0.191,0.23,0.839,0.165,0.189,0.165,0.2,0.436,0.156,0.937,0.188,0.19,0.176,0.028,0.316,0.359,0.172,0.797,0.801,0.197,0.165,0.458,0.183,0.19,0.339,0.342,0.076,0.171,0.288,0.034,0.199,0.158,0.149,0.201,0.137,0.088,0.27,0.31,0.537,0.175,0.188,0.305,0.188,0.319,0.327,0.177,0.035,0.164,0.177,0.035,0.031,0.342,0.223,0.182,0.31,0.036,0.492,0.316,0.3,0.656,0.08,0.451,0.075,0.191,0.084,0.181,0.168,0.036,0.464,0.4,0.03,0.186,0.184
0.067,0.066,0.154,0.137,0.028,0.028,0.247,0.231,0.033,0.066,0.247,1.0,0.077,0.067,0.931,0.137,0.169,0.069,0.198,0.128,0.317,0.179,0.074,0.3,0.235,0.066,0.174,0.362,0.071,0.295,0.067,0.165,0.362,0.026,0.26,0.031,0.364,0.07,0.282,0.069,0.45,0.077,0.077,0.079,0.066,0.342,0.066,0.154,0.027,0.027,0.371,0.165,0.03,0.175,0.598,0.026,0.132,0.325,0.07,0.068,0.068,0.181,0.946,0.029,0.169,0.803,0.305,0.276,0.07,0.156,0.265,0.031,0.031,0.145,0.137,0.184,0.128,0.08,0.128,0.251,0.081,0.756,0.811,0.277,0.173,0.291,0.298,0.072,0.032,0.151,0.363,0.032,0.028,0.329,0.03,0.304,0.347,0.033,0.29,0.261,0.141,0.072,0.073,0.267,0.07,0.277,0.078,0.371,0.274,0.033,0.275,0.239,0.028,0.065,0.566
0.085,0.084,0.082,0.035,0.036,0.036,0.033,0.077,0.046,0.305,0.084,0.077,1.0,0.378,0.084,0.04,0.093,0.088,0.114,0.036,0.354,0.856,0.098,0.284,0.03,0.084,0.096,0.105,0.092,0.092,0.085,0.328,0.041,0.033,0.034,0.041,0.106,0.091,0.087,0.088,0.08,0.103,0.102,0.106,0.084,0.295,0.084,0.362,0.035,0.035,0.341,0.09,0.04,0.306,0.088,0.033,0.033,0.1,0.09,0.088,0.087,0.363,0.082,0.038,0.901,0.097,0.042,0.037,0.33,0.042,0.077,0.389,0.043,0.043,0.04,0.379,0.032,0.109,0.032,0.033,0.11,0.088,0.096,0.037,0.096,0.087,0.09,0.093,0.396,0.366,0.089,0.397,0.037,0.102,0.04,0.789,0.084,0.416,0.103,0.09,0.036,0.094,0.352,0.093,0.328,0.085,0.456,0.092,0.084,0.368,0.096,0.08,0.334,0.082,0.093
0.073,0.072,0.071,0.03,0.03,0.031,0.028,0.067,0.037,0.263,0.072,0.067,0.378,1.0,0.072,0.033,0.079,0.076,0.094,0.031,0.298,0.368,0.083,0.077,0.026,0.072,0.081,0.087,0.079,0.078,0.073,0.28,0.034,0.028,0.029,0.034,0.088,0.077,0.075,0.076,0.07,0.086,0.086,0.088,0.072,0.071,0.072,0.963,0.03,0.03,0.035,0.077,0.033,0.082,0.076,0.029,0.029,0.084,0.077,0.075,0.075,0.085,0.071,0.032,0.346,0.082,0.035,0.031,0.282,0.035,0.067,0.035,0.035,0.035,0.033,0.316,0.028,0.09,0.028,0.028,0.091,0.075,0.081,0.031,0.081,0.075,0.077,0.079,0.036,0.033,0.076,0.036,0.031,0.085,0.033,0.344,0.072,0.037,0.086,0.077,0.031,0.08,0.297,0.079,0.28,0.073,0.728,0.078,0.072,0.037,0.081,0.07,0.031,0.071,0.079
0.072,0.071,0.165,0.148,0.03,0.03,0.139,0.156,0.036,0.071,0.168,0.931,0.084,0.072,1.0,0.149,0.183,0.074,0.216,0.138,0.344,0.194,0.081,0.323,0.251,0.071,0.188,0.394,0.077,0.318,0.072,0.179,0.395,0.028,0.28,0.033,0.397,0.076,0.304,0.074,0.483,0.084,0.083,0.086,0.071,0.367,0.071,0.165,0.029,0.03,0.405,0.179,0.032,0.19,0.644,0.028,0.142,0.353,0.075,0.073,0.073,0.197,0.985,0.031,0.183,0.87,0.333,0.298,0.076,0.171,0.283,0.034,0.034,0.158,0.149,0.201,0.137,0.088,0.137,0.27,0.088,0.814,0.879,0.3,0.188,0.314,0.322,0.077,0.035,0.164,0.392,0.035,0.031,0.358,0.032,0.329,0.372,0.036,0.199,0.178,0.152,0.078,0.08,0.183,0.075,0.298,0.084,0.401,0.295,0.036,0.188,0.162,0.03,0.07,0.612
0.033,0.032,0.146,0.16,0.035,0.036,0.149,0.137,0.045,0.032,0.149,0.137,0.04,0.033,0.149,1.0,0.486,0.034,0.202,0.917,0.172,0.177,0.038,0.16,0.404,0.032,0.17,0.186,0.036,0.163,0.033,0.16,0.186,0.032,0.46,0.041,0.187,0.035,0.154,0.034,0.143,0.04,0.039,0.041,0.032,0.432,0.032,0.146,0.035,0.035,0.191,0.16,0.039,0.172,0.157,0.033,0.451,0.178,0.035,0.034,0.034,0.531,0.146,0.037,0.164,0.172,0.192,0.168,0.035,0.19,0.137,0.042,0.042,0.922,0.856,0.184,0.146,0.042,0.432,0.149,0.042,0.156,0.17,0.499,0.17,0.456,0.159,0.036,0.043,0.181,0.158,0.043,0.037,0.181,0.039,0.163,0.149,0.045,0.183,0.159,0.488,0.036,0.037,0.486,0.035,0.151,0.04,0.48,0.149,0.045,0.503,0.421,0.036,0.032,0.166
0.263,0.325,0.434,0.472,0.353,0.359,0.442,0.409,0.237,0.325,0.337,0.169,0.093,0.079,0.183,0.486,1.0,0.081,0.462,0.449,0.209,0.214,0.089,0.195,0.427,0.373,0.966,0.168,0.084,0.199,0.378,0.195,0.169,0.03,0.481,0.402,0.17,0.083,0.189,0.081,0.6,0.902,0.337,0.869,0.205,0.4,0.749,0.18,0.345,0.222,0.173,0.36,0.207,0.209,0.192,0.031,0.49,0.562,0.398,0.214,0.212,0.484,0.18,0.234,0.2,0.209,0.377,0.493,0.083,0.189,0.409,0.038,0.222,0.52,0.486,0.222,0.149,0.097,0.454,0.442,0.262,0.191,0.207,0.518,0.206,0.943,0.906,0.411,0.038,0.182,0.193,0.039,0.034,0.418,0.388,0.199,0.624,0.04,0.421,0.194,0.508,0.229,0.088,0.525,0.082,0.552,0.093,0.441,0.183,0.04,0.541,0.46,0.033,0.347,0.202
0.075,0.074,0.073,0.031,0.031,0.032,0.029,0.069,0.039,0.074,0.074,0.069,0.088,0.076,0.074,0.034,0.081,1.0,0.097,0.032,0.084,0.086,0.085,0.392,0.027,0.074,0.083,0.09,0.961,0.239,0.075,0.079,0.035,0.221,0.03,0.035,0.09,0.348,0.228,0.608,0.212,0.088,0.088,0.091,0.074,0.217,0.074,0.073,0.031,0.031,0.036,0.079,0.034,0.418,0.231,0.201,0.029,0.087,0.079,0.077,0.076,0.087,0.073,0.033,0.081,0.084,0.036,0.032,0.079,0.277,0.069,0.036,0.036,0.036,0.034,0.089,0.194,0.407,0.028,0.029,0.093,0.077,0.083,0.032,0.083,0.076,0.078,0.081,0.037,0.034,0.233,0.037,0.032,0.088,0.034,0.08,0.221,0.038,0.089,0.078,0.032,0.082,0.368,0.081,0.079,0.224,0.089,0.238,0.221,0.038,0.083,0.071,0.032,0.073,0.243
0.578,0.57,0.698,0.448,0.281,0.287,0.414,0.649,0.241,0.254,0.374,0.198,0.114,0.094,0.216,0.202,0.462,0.097,1.0,0.183,0.254,0.262,0.108,0.234,0.323,0.209,0.481,0.208,0.101,0.239,0.212,0.234,0.208,0.035,0.372,0.33,0.21,0.099,0.225,0.097,0.395,0.318,0.259,0.33,0.209,0.212,0.254,0.212,0.274,0.181,0.216,0.405,0.204,0.255,0.229,0.036,0.426,0.504,0.226,0.219,0.217,0.267,0.212,0.193,0.242,0.254,0.469,0.472,0.099,0.235,0.649,0.047,0.222,0.22,0.202,0.274,0.176,0.121,0.347,0.414,0.281,0.227,0.252,0.406,0.25,0.43,0.445,0.235,0.048,0.223,0.231,0.048,0.041,0.883,0.316,0.239,0.414,0.051,0.893,0.233,0.396,0.237,0.106,0.462,0.099,0.258,0.115,0.238,0.216,0.051,0.479,0.395,0.04,0.249,0.244
0.031,0.03,0.136,0.148,0.033,0.033,0.138,0.128,0.041,0.03,0.138,0.128,0.036,0.031,0.138,0.917,0.449,0.032,0.183,1.0,0.158,0.162,0.035,0.148,0.498,0.03,0.157,0.17,0.033,0.151,0.031,0.148,0.17,0.03,0.562,0.037,0.171,0.032,0.143,0.032,0.133,0.036,0.036,0.037,0.03,0.403,0.03,0.136,0.032,0.033,0.175,0.148,0.036,0.159,0.145,0.031,0.419,0.163,0.032,0.031,0.031,0.487,0.136,0.034,0.152,0.158,0.175,0.155,0.032,0.173,0.128,0.038,0.038,0.84,0.917,0.169,0.136,0.038,0.403,0.138,0.039,0.144,0.157,0.605,0.156,0.557,0.147,0.033,0.039,0.166,0.146,0.039,0.034,0.166,0.036,0.151,0.138,0.041,0.167,0.147,0.451,0.034,0.034,0.449,0.032,0.14,0.037,0.444,0.138,0.041,0.463,0.393,0.033,0.03,0.153
0.081,0.08,0.187,0.169,0.034,0.035,0.157,0.175,0.043,0.676,0.19,0.317,0.354,0.298,0.344,0.172,0.209,0.084,0.254,0.158,1.0,0.501,0.093,0.368,0.281,0.08,0.216,0.177,0.088,0.207,0.081,0.455,0.177,0.031,0.318,0.039,0.178,0.086,0.197,0.084,0.33,0.097,0.096,0.1,0.08,0.187,0.08,0.418,0.033,0.034,0.182,0.203,0.037,0.219,0.2,0.032,0.161,0.408,0.086,0.083,0.083,0.227,0.338,0.036,0.468,0.395,0.388,0.342,0.313,0.199,0.317,0.04,0.04,0.185,0.172,0.933,0.155,0.102,0.155,0.304,0.103,0.198,0.216,0.343,0.215,0.356,0.366,0.089,0.04,0.19,0.201,0.041,0.035,0.414,0.038,0.622,0.19,0.042,0.231,0.202,0.174,0.089,0.333,0.209,0.312,0.192,0.827,0.206,0.19,0.043,0.216,0.182,0.034,0.079,0.21
0.083,0.082,0.191,0.173,0.035,0.035,0.161,0.179,0.044,0.298,0.194,0.179,0.856,0.368,0.194,0.177,0.214,0.086,0.262,0.162,0.501,1.0,0.095,0.425,0.148,0.082,0.222,0.181,0.09,0.212,0.083,0.466,0.182,0.032,0.168,0.04,0.183,0.088,0.201,0.086,0.186,0.1,0.099,0.103,0.082,0.433,0.082,0.427,0.034,0.034,0.329,0.208,0.038,0.458,0.204,0.033,0.165,0.231,0.088,0.085,0.085,0.53,0.191,0.037,0.932,0.224,0.206,0.181,0.321,0.204,0.179,0.376,0.041,0.19,0.177,0.536,0.158,0.105,0.158,0.161,0.106,0.203,0.222,0.182,0.221,0.201,0.207,0.091,0.382,0.535,0.206,0.384,0.036,0.235,0.039,0.924,0.194,0.402,0.237,0.207,0.178,0.092,0.342,0.214,0.319,0.197,0.441,0.211,0.194,0.355,0.221,0.186,0.325,0.08,0.216
0.082,0.081,0.079,0.034,0.034,0.035,0.031,0.074,0.044,0.081,0.081,0.074,0.098,0.083,0.081,0.038,0.089,0.085,0.108,0.035,0.093,0.095,1.0,0.087,0.029,0.081,0.092,0.1,0.089,0.088,0.082,0.087,0.039,0.031,0.033,0.039,0.101,0.087,0.084,0.085,0.077,0.098,0.098,0.101,0.081,0.079,0.081,0.079,0.033,0.034,0.04,0.087,0.038,0.093,0.085,0.032,0.032,0.096,0.087,0.084,0.084,0.097,0.079,0.036,0.089,0.093,0.04,0.035,0.087,0.04,0.074,0.04,0.041,0.041,0.038,0.099,0.031,0.103,0.031,0.031,0.105,0.084,0.092,0.035,0.975,0.084,0.086,0.09,0.041,0.038,0.086,0.041,0.036,0.097,0.038,0.088,0.081,0.043,0.098,0.916,0.035,0.09,0.092,0.089,0.087,0.082,0.099,0.088,0.081,0.043,0.092,0.077,0.035,0.079,0.09
0.076,0.075,0.176,0.158,0.032,0.032,0.148,0.165,0.039,0.075,0.179,0.3,0.284,0.077,0.323,0.16,0.195,0.392,0.234,0.148,0.368,0.425,0.087,1.0,0.265,0.075,0.202,0.164,0.407,0.194,0.076,0.191,0.164,0.029,0.298,0.036,0.165,0.081,0.184,0.392,0.311,0.09,0.09,0.093,0.075,0.358,0.075,0.176,0.031,0.031,0.296,0.191,0.035,0.93,0.187,0.03,0.151,0.379,0.08,0.078,0.078,0.431,0.318,0.033,0.399,0.368,0.359,0.319,0.081,0.184,0.3,0.297,0.037,0.171,0.16,0.216,0.146,0.095,0.146,0.286,0.095,0.186,0.202,0.321,0.201,0.334,0.343,0.083,0.302,0.435,0.188,0.303,0.033,0.385,0.035,0.396,0.179,0.316,0.214,0.19,0.162,0.084,0.085,0.195,0.08,0.181,0.091,0.193,0.179,0.317,0.201,0.172,0.261,0.074,0.197
0.121,0.119,0.252,0.27,0.128,0.13,0.256,0.239,0.154,0.119,0.256,0.235,0.03,0.026,0.251,0.404,0.427,0.027,0.323,0.498,0.281,0.148,0.029,0.265,1.0,0.119,0.284,0.14,0.028,0.139,0.121,0.137,0.14,0.026,0.892,0.143,0.14,0.027,0.133,0.027,0.359,0.14,0.139,0.143,0.119,0.343,0.119,0.128,0.126,0.127,0.143,0.27,0.139,0.145,0.135,0.026,0.403,0.426,0.126,0.124,0.123,0.403,0.247,0.133,0.14,0.281,0.451,0.408,0.027,0.156,0.347,0.031,0.146,0.428,0.532,0.153,0.128,0.031,0.946,0.371,0.147,0.134,0.144,0.82,0.144,0.514,0.391,0.13,0.032,0.151,0.136,0.032,0.028,0.432,0.139,0.27,0.256,0.033,0.299,0.137,0.841,0.131,0.029,0.427,0.027,0.131,0.03,0.373,0.13,0.033,0.438,0.382,0.028,0.118,0.141
0.164,0.162,0.16,0.17,0.173,0.175,0.16,0.151,0.677,0.16,0.162,0.066,0.084,0.072,0.071,0.032,0.373,0.074,0.209,0.03,0.08,0.082,0.081,0.075,0.119,1.0,0.384,0.085,0.077,0.076,0.988,0.075,0.033,0.028,0.133,0.194,0.086,0.076,0.073,0.074,0.33,0.406,0.191,0.197,0.162,0.07,0.343,0.07,0.169,0.549,0.034,0.172,0.601,0.08,0.074,0.028,0.163,0.188,0.937,0.168,0.167,0.083,0.07,0.487,0.077,0.08,0.158,0.177,0.076,0.034,0.151,0.034,0.753,0.034,0.032,0.085,0.027,0.088,0.126,0.16,0.202,0.073,0.079,0.143,0.079,0.353,0.362,0.905,0.035,0.032,0.074,0.035,0.031,0.191,0.188,0.076,0.343,0.036,0.192,0.075,0.14,0.179,0.08,0.176,0.075,0.347,0.084,0.076,0.071,0.036,0.181,0.156,0.03,0.16,0.077
0.271,0.335,0.447,0.487,0.365,0.372,0.455,0.42,0.247,0.335,0.347,0.174,0.096,0.081,0.188,0.17,0.966,0.083,0.481,0.157,0.216,0.222,0.092,0.202,0.284,0.384,1.0,0.175,0.087,0.206,0.389,0.202,0.175,0.031,0.321,0.418,0.176,0.085,0.195,0.083,0.618,0.935,0.35,0.902,0.212,0.185,0.772,0.185,0.356,0.229,0.18,0.372,0.215,0.217,0.198,0.032,0.467,0.583,0.411,0.221,0.219,0.225,0.185,0.242,0.207,0.216,0.391,0.51,0.085,0.197,0.42,0.039,0.23,0.183,0.17,0.231,0.153,0.101,0.303,0.455,0.273,0.197,0.214,0.347,0.213,0.909,0.936,0.425,0.04,0.188,0.199,0.04,0.035,0.433,0.403,0.206,0.643,0.042,0.437,0.201,0.34,0.237,0.091,0.541,0.085,0.569,0.097,0.205,0.188,0.042,0.559,0.472,0.034,0.358,0.209
0.086,0.085,0.149,0.164,0.036,0.037,0.152,0.14,0.047,0.085,0.152,0.362,0.105,0.087,0.394,0.186,0.168,0.09,0.208,0.17,0.177,0.181,0.1,0.164,0.14,0.085,0.175,1.0,0.094,0.167,0.086,0.164,0.999,0.033,0.159,0.042,0.992,0.092,0.158,0.09,0.146,0.105,0.104,0.108,0.085,0.149,0.085,0.149,0.035,0.036,0.511,0.164,0.04,0.177,0.416,0.034,0.156,0.183,0.092,0.089,0.088,0.185,0.387,0.038,0.168,0.177,0.197,0.172,0.092,0.195,0.14,0.043,0.043,0.2,0.186,0.189,0.149,0.111,0.149,0.152,0.112,0.413,0.453,0.173,0.174,0.158,0.163,0.095,0.044,0.186,0.162,0.044,0.038,0.186,0.04,0.167,0.152,0.046,0.188,0.163,0.169,0.096,0.098,0.168,0.092,0.154,0.106,0.166,0.152,0.046,0.174,0.146,0.037,0.084,0.44
0.078,0.077,0.075,0.032,0.032,0.033,0.03,0.071,0.041,0.077,0.077,0.071,0.092,0.079,0.077,0.036,0.084,0.961,0.101,0.033,0.088,0.09,0.089,0.407,0.028,0.077,0.087,0.094,1.0,0.083,0.078,0.082,0.037,0.204,0.031,0.037,0.094,0.362,0.079,0.632,0.074,0.092,0.092,0.095,0.077,0.075,0.077,0.075,0.032,0.032,0.038,0.082,0.036,0.436,0.214,0.209,0.031,0.09,0.082,0.08,0.079,0.091,0.075,0.034,0.084,0.088,0.038,0.033,0.082,0.289,0.071,0.038,0.038,0.038,0.036,0.093,0.201,0.426,0.029,0.03,0.098,0.08,0.087,0.033,0.086,0.079,0.081,0.085,0.038,0.036,0.081,0.038,0.034,0.092,0.036,0.083,0.077,0.04,0.092,0.081,0.033,0.085,0.383,0.084,0.082,0.078,0.093,0.083,0.077,0.04,0.087,0.074,0.033,0.075,0.225
0.077,0.076,0.179,0.161,0.032,0.033,0.15,0.168,0.04,0.076,0.182,0.295,0.092,0.078,0.318,0.163,0.199,0.239,0.239,0.151,0.207,0.212,0.088,0.194,0.139,0.076,0.206,0.167,0.083,1.0,0.077,0.194,0.167,0.228,0.157,0.037,0.168,0.082,0.367,0.08,0.341,0.092,0.091,0.095,0.076,0.905,0.076,0.179,0.032,0.032,0.172,0.194,0.035,0.208,0.472,0.03,0.154,0.214,0.082,0.08,0.079,0.216,0.313,0.034,0.199,0.364,0.189,0.168,0.082,0.188,0.168,0.038,0.038,0.174,0.163,0.22,0.148,0.097,0.148,0.15,0.097,0.332,0.361,0.169,0.205,0.188,0.193,0.084,0.038,0.18,0.907,0.038,0.034,0.217,0.036,0.197,0.355,0.04,0.219,0.193,0.165,0.085,0.087,0.199,0.082,0.359,0.093,0.384,0.45,0.04,0.205,0.175,0.033,0.075,0.496
0.166,0.164,0.161,0.172,0.175,0.178,0.162,0.152,0.688,0.162,0.164,0.067,0.085,0.073,0.072,0.033,0.378,0.075,0.212,0.031,0.081,0.083,0.082,0.076,0.121,0.988,0.389,0.086,0.078,0.077,1.0,0.076,0.034,0.028,0.135,0.197,0.087,0.076,0.074,0.075,0.334,0.412,0.194,0.2,0.164,0.07,0.347,0.07,0.171,0.556,0.034,0.174,0.61,0.081,0.075,0.028,0.165,0.191,0.89,0.17,0.169,0.084,0.07,0.494,0.078,0.081,0.161,0.179,0.076,0.034,0.152,0.035,0.648,0.035,0.033,0.086,0.027,0.089,0.128,0.162,0.206,0.074,0.08,0.144,0.08,0.358,0.367,0.917,0.035,0.033,0.075,0.035,0.031,0.193,0.191,0.077,0.347,0.037,0.195,0.076,0.142,0.181,0.081,0.179,0.076,0.351,0.086,0.077,0.072,0.037,0.184,0.158,0.031,0.161,0.078
0.076,0.075,0.176,0.158,0.032,0.032,0.148,0.165,0.039,0.274,0.179,0.165,0.328,0.28,0.179,0.16,0.195,0.079,0.234,0.148,0.455,0.466,0.087,0.191,0.137,0.075,0.202,0.164,0.082,0.194,0.076,1.0,0.164,0.029,0.154,0.036,0.165,0.081,0.184,0.079,0.172,0.09,0.09,0.093,0.075,0.176,0.075,0.393,0.031,0.031,0.168,0.191,0.035,0.204,0.187,0.03,0.151,0.209,0.08,0.078,0.078,0.211,0.176,0.033,0.437,0.203,0.186,0.165,0.293,0.184,0.165,0.037,0.037,0.171,0.16,0.484,0.146,0.095,0.146,0.148,0.095,0.186,0.202,0.166,0.201,0.184,0.19,0.083,0.037,0.176,0.188,0.037,0.033,0.213,0.035,0.434,0.179,0.039,0.214,0.19,0.162,0.084,0.311,0.195,0.561,0.181,0.331,0.193,0.179,0.039,0.201,0.172,0.032,0.074,0.197
0.034,0.033,0.149,0.164,0.036,0.037,0.152,0.14,0.047,0.033,0.152,0.362,0.041,0.034,0.395,0.186,0.169,0.035,0.208,0.17,0.177,0.182,0.039,0.164,0.14,0.033,0.175,0.999,0.037,0.167,0.034,0.164,1.0,0.033,0.159,0.042,0.984,0.036,0.158,0.035,0.146,0.041,0.04,0.042,0.033,0.149,0.033,0.149,0.035,0.036,0.511,0.164,0.04,0.177,0.417,0.034,0.156,0.183,0.036,0.035,0.034,0.185,0.388,0.038,0.169,0.177,0.197,0.172,0.036,0.195,0.14,0.043,0.043,0.201,0.186,0.189,0.149,0.043,0.149,0.152,0.044,0.413,0.454,0.173,0.174,0.158,0.163,0.037,0.044,0.186,0.162,0.044,0.038,0.186,0.04,0.167,0.152,0.046,0.188,0.163,0.169,0.037,0.038,0.169,0.036,0.154,0.041,0.166,0.152,0.046,0.175,0.146,0.037,0.033,0.44
0.028,0.028,0.027,0.029,0.03,0.03,0.028,0.026,0.036,0.028,0.028,0.026,0.033,0.028,0.028,0.032,0.03,0.221,0.035,0.03,0.031,0.032,0.031,0.029,0.026,0.028,0.031,0.033,0.204,0.228,0.028,0.029,0.033,1.0,0.029,0.033,0.033,0.201,0.218,0.197,0.204,0.033,0.032,0.033,0.028,0.208,0.028,0.027,0.029,0.03,0.034,0.029,0.032,0.031,0.221,0.192,0.028,0.032,0.029,0.029,0.028,0.032,0.027,0.031,0.03,0.031,0.034,0.03,0.029,0.034,0.026,0.034,0.034,0.034,0.032,0.033,0.185,0.233,0.027,0.028,0.034,0.029,0.031,0.031,0.031,0.028,0.029,0.03,0.035,0.032,0.222,0.035,0.031,0.032,0.032,0.03,0.211,0.036,0.033,0.029,0.03,0.03,0.212,0.03,0.029,0.214,0.033,0.227,0.211,0.036,0.031,0.027,0.03,0.027,0.231
0.135,0.133,0.281,0.304,0.144,0.147,0.285,0.265,0.178,0.133,0.285,0.26,0.034,0.029,0.28,0.46,0.481,0.03,0.372,0.562,0.318,0.168,0.033,0.298,0.892,0.133,0.321,0.159,0.031,0.157,0.135,0.154,0.159,0.029,1.0,0.163,0.16,0.031,0.149,0.03,0.399,0.159,0.158,0.163,0.133,0.382,0.133,0.142,0.141,0.143,0.164,0.304,0.158,0.165,0.151,0.029,0.451,0.484,0.142,0.139,0.137,0.458,0.276,0.151,0.158,0.318,0.516,0.46,0.031,0.179,0.385,0.036,0.168,0.49,0.605,0.174,0.142,0.036,0.851,0.414,0.168,0.15,0.163,0.927,0.162,0.576,0.439,0.146,0.036,0.172,0.152,0.036,0.032,0.491,0.158,0.303,0.285,0.038,0.341,0.153,0.947,0.148,0.032,0.481,0.03,0.146,0.034,0.419,0.145,0.038,0.495,0.424,0.031,0.131,0.159
0.294,0.363,0.356,0.391,0.399,0.407,0.363,0.333,0.276,0.363,0.23,0.031,0.041,0.034,0.033,0.041,0.402,0.035,0.33,0.037,0.039,0.04,0.039,0.036,0.143,0.194,0.418,0.042,0.037,0.037,0.197,0.036,0.042,0.033,0.163,1.0,0.042,0.036,0.035,0.035,0.347,0.447,0.339,0.463,0.23,0.033,0.363,0.033,0.388,0.25,0.043,0.247,0.237,0.039,0.035,0.034,0.373,0.436,0.209,0.24,0.238,0.041,0.033,0.266,0.037,0.039,0.203,0.411,0.036,0.043,0.333,0.044,0.256,0.044,0.041,0.042,0.033,0.044,0.153,0.363,0.303,0.035,0.039,0.178,0.038,0.376,0.388,0.217,0.044,0.041,0.036,0.045,0.038,0.294,0.961,0.037,0.363,0.047,0.297,0.036,0.174,0.259,0.039,0.402,0.036,0.368,0.042,0.037,0.033,0.047,0.417,0.347,0.037,0.356,0.037
0.087,0.086,0.15,0.165,0.037,0.037,0.153,0.14,0.047,0.086,0.153,0.364,0.106,0.088,0.397,0.187,0.17,0.09,0.21,0.171,0.178,0.183,0.101,0.165,0.14,0.086,0.176,0.992,0.094,0.168,0.087,0.165,0.984,0.033,0.16,0.042,1.0,0.093,0.159,0.09,0.146,0.105,0.105,0.109,0.086,0.15,0.086,0.15,0.036,0.036,0.515,0.165,0.041,0.178,0.419,0.034,0.157,0.184,0.092,0.09,0.089,0.186,0.39,0.038,0.17,0.178,0.199,0.173,0.093,0.197,0.14,0.043,0.044,0.202,0.187,0.191,0.15,0.112,0.15,0.153,0.113,0.416,0.457,0.174,0.175,0.159,0.164,0.096,0.044,0.188,0.163,0.044,0.038,0.187,0.041,0.168,0.153,0.047,0.189,0.164,0.17,0.097,0.099,0.17,0.092,0.155,0.106,0.167,0.153,0.047,0.176,0.146,0.037,0.084,0.443
0.076,0.076,0.074,0.031,0.032,0.032,0.029,0.07,0.04,0.076,0.076,0.07,0.091,0.077,0.076,0.035,0.083,0.348,0.099,0.032,0.086,0.088,0.087,0.081,0.027,0.076,0.085,0.092,0.362,0.082,0.076,0.081,0.036,0.201,0.031,0.036,0.093,1.0,0.078,0.348,0.073,0.091,0.09,0.093,0.076,0.074,0.076,0.074,0.031,0.032,0.037,0.081,0.035,0.086,0.211,0.206,0.03,0.089,0.081,0.079,0.078,0.089,0.074,0.033,0.083,0.086,0.037,0.033,0.081,0.284,0.07,0.037,0.037,0.037,0.035,0.091,0.198,0.826,0.029,0.029,0.096,0.079,0.085,0.033,0.085,0.078,0.08,0.083,0.038,0.035,0.08,0.038,0.033,0.09,0.035,0.082,0.076,0.039,0.091,0.08,0.032,0.084,0.539,0.083,0.081,0.076,0.091,0.082,0.076,0.039,0.085,0.073,0.032,0.074,0.221
0.074,0.073,0.171,0.153,0.031,0.031,0.144,0.161,0.038,0.073,0.173,0.282,0.087,0.075,0.304,0.154,0.189,0.228,0.225,0.143,0.197,0.201,0.084,0.184,0.133,0.073,0.195,0.158,0.079,0.367,0.074,0.184,0.158,0.218,0.149,0.035,0.159,0.078,1.0,0.076,0.482,0.087,0.086,0.089,0.073,0.333,0.073,0.171,0.03,0.03,0.162,0.184,0.034,0.197,0.355,0.029,0.147,0.202,0.078,0.076,0.075,0.204,0.299,0.032,0.189,0.345,0.179,0.159,0.078,0.177,0.161,0.035,0.036,0.164,0.154,0.208,0.141,0.091,0.141,0.144,0.092,0.316,0.342,0.16,0.194,0.179,0.184,0.08,0.036,0.17,0.357,0.036,0.032,0.205,0.034,0.188,0.501,0.037,0.207,0.184,0.157,0.081,0.082,0.189,0.078,0.507,0.088,0.365,0.339,0.038,0.195,0.167,0.031,0.072,0.372
0.075,0.074,0.073,0.031,0.031,0.032,0.029,0.069,0.039,0.074,0.074,0.069,0.088,0.076,0.074,0.034,0.081,0.608,0.097,0.032,0.084,0.086,0.085,0.392,0.027,0.074,0.083,0.09,0.632,0.08,0.075,0.079,0.035,0.197,0.03,0.035,0.09,0.348,0.076,1.0,0.071,0.088,0.088,0.091,0.074,0.073,0.074,0.073,0.031,0.031,0.036,0.079,0.034,0.418,0.206,0.201,0.029,0.087,0.079,0.077,0.076,0.087,0.073,0.033,0.081,0.084,0.036,0.032,0.079,0.277,0.069,0.036,0.036,0.036,0.034,0.089,0.194,0.407,0.028,0.029,0.093,0.077,0.083,0.032,0.083,0.076,0.078,0.081,0.037,0.034,0.078,0.037,0.032,0.088,0.034,0.08,0.074,0.038,0.089,0.078,0.032,0.082,0.368,0.081,0.079,0.075,0.089,0.08,0.074,0.038,0.083,0.071,0.032,0.073,0.216
0.232,0.288,0.386,0.415,0.31,0.315,0.391,0.365,0.201,0.288,0.298,0.45,0.08,0.07,0.483,0.143,0.6,0.212,0.395,0.133,0.33,0.186,0.077,0.311,0.359,0.33,0.618,0.146,0.074,0.341,0.334,0.172,0.146,0.204,0.399,0.347,0.146,0.073,0.482,0.071,1.0,0.568,0.292,0.411,0.182,0.39,0.483,0.16,0.304,0.195,0.149,0.316,0.18,0.183,0.413,0.027,0.4,0.617,0.35,0.189,0.188,0.189,0.475,0.204,0.176,0.543,0.471,0.557,0.073,0.163,0.472,0.033,0.19,0.151,0.143,0.192,0.132,0.084,0.261,0.506,0.225,0.372,0.401,0.426,0.18,0.661,0.677,0.36,0.033,0.157,0.415,0.033,0.03,0.5,0.337,0.316,0.964,0.034,0.365,0.171,0.288,0.2,0.076,0.459,0.072,0.952,0.081,0.424,0.317,0.034,0.472,0.409,0.029,0.308,0.345
0.286,0.353,0.347,0.38,0.388,0.395,0.353,0.325,0.266,0.353,0.224,0.077,0.103,0.086,0.084,0.04,0.902,0.088,0.318,0.036,0.097,0.1,0.098,0.09,0.14,0.406,0.935,0.105,0.092,0.092,0.412,0.09,0.041,0.033,0.159,0.447,0.105,0.091,0.087,0.088,0.568,1.0,0.374,0.967,0.224,0.082,0.815,0.082,0.378,0.243,0.042,0.241,0.23,0.097,0.088,0.033,0.363,0.46,0.436,0.234,0.232,0.101,0.082,0.258,0.093,0.097,0.196,0.399,0.091,0.042,0.325,0.042,0.247,0.043,0.04,0.104,0.032,0.109,0.149,0.353,0.293,0.088,0.096,0.172,0.096,0.845,0.871,0.452,0.043,0.04,0.089,0.043,0.037,0.285,0.431,0.092,0.593,0.045,0.288,0.09,0.169,0.252,0.097,0.425,0.09,0.602,0.104,0.091,0.084,0.045,0.44,0.368,0.036,0.378,0.093
0.194,0.268,0.263,0.288,0.294,0.3,0.268,0.247,0.264,0.268,0.191,0.077,0.102,0.086,0.083,0.039,0.337,0.088,0.259,0.036,0.096,0.099,0.098,0.09,0.139,0.191,0.35,0.104,0.092,0.091,0.194,0.09,0.04,0.032,0.158,0.339,0.105,0.09,0.086,0.088,0.292,0.374,1.0,0.386,0.191,0.082,0.305,0.082,0.287,0.204,0.042,0.205,0.228,0.097,0.088,0.033,0.275,0.365,0.205,0.2,0.198,0.101,0.082,0.217,0.092,0.096,0.195,0.303,0.09,0.041,0.247,0.042,0.246,0.042,0.039,0.103,0.032,0.108,0.148,0.268,0.25,0.087,0.096,0.171,0.095,0.316,0.326,0.213,0.043,0.04,0.088,0.043,0.037,0.232,0.326,0.091,0.305,0.045,0.234,0.089,0.168,0.215,0.096,0.337,0.09,0.31,0.103,0.091,0.083,0.045,0.349,0.292,0.036,0.3,0.093
0.294,0.363,0.356,0.391,0.399,0.407,0.363,0.333,0.276,0.363,0.23,0.079,0.106,0.088,0.086,0.041,0.869,0.091,0.33,0.037,0.1,0.103,0.101,0.093,0.143,0.197,0.902,0.108,0.095,0.095,0.2,0.093,0.042,0.033,0.163,0.463,0.109,0.093,0.089,0.091,0.411,0.967,0.386,1.0,0.23,0.084,0.784,0.084,0.389,0.25,0.043,0.247,0.237,0.1,0.091,0.034,0.373,0.475,0.212,0.241,0.238,0.105,0.084,0.266,0.095,0.1,0.203,0.411,0.093,0.043,0.333,0.044,0.256,0.044,0.041,0.107,0.033,0.112,0.153,0.363,0.303,0.09,0.099,0.178,0.099,0.813,0.839,0.22,0.044,0.041,0.092,0.045,0.038,0.294,0.445,0.095,0.429,0.047,0.297,0.092,0.174,0.259,0.1,0.438,0.093,0.436,0.107,0.094,0.086,0.047,0.454,0.378,0.037,0.388,0.096
0.164,0.189,0.186,0.201,0.204,0.207,0.189,0.176,0.211,0.189,0.839,0.066,0.084,0.072,0.071,0.032,0.205,0.074,0.209,0.03,0.08,0.082,0.081,0.075,0.119,0.162,0.212,0.085,0.077,0.076,0.164,0.075,0.033,0.028,0.133,0.23,0.086,0.076,0.073,0.074,0.182,0.224,0.191,0.23,1.0,0.07,0.189,0.07,0.2,0.436,0.034,0.891,0.188,0.08,0.074,0.028,0.193,0.219,0.172,0.961,0.969,0.083,0.07,0.458,0.077,0.08,0.421,0.388,0.076,0.034,0.176,0.034,0.199,0.034,0.032,0.085,0.027,0.088,0.126,0.189,0.751,0.073,0.079,0.143,0.079,0.195,0.2,0.177,0.035,0.032,0.074,0.035,0.031,0.191,0.223,0.076,0.189,0.036,0.192,0.075,0.14,0.896,0.08,0.205,0.075,0.191,0.084,0.076,0.071,0.036,0.211,0.182,0.03,0.186,0.077
0.07,0.07,0.163,0.146,0.029,0.03,0.137,0.154,0.036,0.07,0.165,0.342,0.295,0.071,0.367,0.432,0.4,0.217,0.212,0.403,0.187,0.433,0.079,0.358,0.343,0.07,0.185,0.149,0.075,0.905,0.07,0.176,0.149,0.208,0.382,0.033,0.15,0.074,0.333,0.073,0.39,0.082,0.082,0.084,0.07,1.0,0.07,0.163,0.029,0.029,0.27,0.176,0.032,0.381,0.428,0.028,0.376,0.192,0.074,0.072,0.072,0.814,0.361,0.03,0.408,0.413,0.169,0.151,0.074,0.167,0.154,0.491,0.034,0.459,0.432,0.197,0.135,0.086,0.363,0.137,0.087,0.381,0.41,0.409,0.184,0.38,0.175,0.076,0.498,0.581,0.933,0.499,0.03,0.194,0.032,0.405,0.404,0.325,0.196,0.175,0.401,0.077,0.078,0.4,0.074,0.327,0.083,0.909,0.41,0.287,0.411,0.355,0.37,0.069,0.448
0.241,0.298,0.294,0.317,0.322,0.328,0.298,0.278,0.211,0.298,0.189,0.066,0.084,0.072,0.071,0.032,0.749,0.074,0.254,0.03,0.08,0.082,0.081,0.075,0.119,0.343,0.772,0.085,0.077,0.076,0.347,0.075,0.033,0.028,0.133,0.363,0.086,0.076,0.073,0.074,0.483,0.815,0.305,0.784,0.189,0.07,1.0,0.07,0.316,0.202,0.034,0.201,0.188,0.08,0.074,0.028,0.305,0.377,0.364,0.196,0.195,0.083,0.07,0.213,0.077,0.08,0.158,0.33,0.076,0.034,0.278,0.034,0.199,0.034,0.032,0.085,0.027,0.088,0.126,0.298,0.236,0.073,0.079,0.143,0.079,0.71,0.728,0.375,0.035,0.032,0.074,0.035,0.031,0.232,0.352,0.076,0.501,0.036,0.234,0.075,0.14,0.208,0.08,0.353,0.075,0.507,0.084,0.076,0.071,0.036,0.363,0.313,0.03,0.32,0.077
0.07,0.07,0.163,0.146,0.029,0.03,0.137,0.154,0.036,0.254,0.165,0.154,0.362,0.963,0.165,0.146,0.18,0.073,0.212,0.136,0.418,0.427,0.079,0.176,0.128,0.07,0.185,0.149,0.075,0.179,0.07,0.393,0.149,0.027,0.142,0.033,0.15,0.074,0.171,0.073,0.16,0.082,0.082,0.084,0.07,0.163,0.07,1.0,0.029,0.029,0.153,0.176,0.032,0.187,0.173,0.028,0.14,0.192,0.074,0.072,0.072,0.193,0.163,0.03,0.403,0.187,0.169,0.151,0.271,0.167,0.154,0.033,0.034,0.155,0.146,0.442,0.135,0.086,0.135,0.137,0.087,0.172,0.185,0.152,0.184,0.171,0.175,0.076,0.034,0.161,0.174,0.034,0.03,0.194,0.032,0.4,0.165,0.035,0.196,0.175,0.149,0.077,0.285,0.18,0.269,0.167,0.697,0.178,0.165,0.035,0.185,0.16,0.03,0.069,0.181
0.255,0.316,0.31,0.336,0.342,0.348,0.316,0.292,0.228,0.316,0.2,0.027,0.035,0.03,0.029,0.035,0.345,0.031,0.274,0.032,0.033,0.034,0.033,0.031,0.126,0.169,0.356,0.035,0.032,0.032,0.171,0.031,0.035,0.029,0.141,0.388,0.036,0.031,0.03,0.031,0.304,0.378,0.287,0.389,0.2,0.029,0.316,0.029,1.0,0.215,0.036,0.213,0.201,0.033,0.031,0.03,0.56,0.641,0.18,0.208,0.206,0.034,0.029,0.226,0.032,0.033,0.17,0.351,0.031,0.036,0.292,0.037,0.214,0.037,0.035,0.035,0.029,0.037,0.133,0.316,0.253,0.03,0.033,0.152,0.033,0.326,0.335,0.186,0.037,0.035,0.031,0.037,0.033,0.248,0.652,0.032,0.316,0.039,0.251,0.031,0.149,0.222,0.033,0.598,0.031,0.32,0.035,0.031,0.029,0.039,0.617,0.527,0.032,0.31,0.032
0.174,0.202,0.199,0.216,0.22,0.224,0.202,0.188,0.743,0.202,0.436,0.027,0.035,0.03,0.03,0.035,0.222,0.031,0.181,0.033,0.034,0.034,0.034,0.031,0.127,0.549,0.229,0.036,0.032,0.032,0.556,0.031,0.036,0.03,0.143,0.25,0.036,0.032,0.03,0.031,0.195,0.243,0.204,0.25,0.436,0.029,0.202,0.029,0.215,1.0,0.037,0.466,0.896,0.034,0.031,0.03,0.207,0.238,0.586,0.455,0.451,0.035,0.029,0.946,0.032,0.034,0.173,0.226,0.032,0.037,0.188,0.037,0.696,0.038,0.035,0.036,0.029,0.037,0.135,0.202,0.555,0.031,0.033,0.154,0.033,0.209,0.215,0.605,0.038,0.035,0.031,0.038,0.033,0.164,0.242,0.032,0.202,0.039,0.165,0.031,0.151,0.485,0.034,0.222,0.031,0.205,0.036,0.032,0.03,0.04,0.229,0.195,0.033,0.199,0.033
0.034,0.034,0.153,0.168,0.037,0.038,0.156,0.143,0.049,0.034,0.156,0.371,0.341,0.035,0.405,0.191,0.173,0.036,0.216,0.175,0.182,0.329,0.04,0.296,0.143,0.034,0.18,0.511,0.038,0.172,0.034,0.168,0.511,0.034,0.164,0.043,0.515,0.037,0.162,0.036,0.149,0.042,0.042,0.043,0.034,0.27,0.034,0.153,0.036,0.037,1.0,0.168,0.042,0.321,0.428,0.035,0.16,0.188,0.037,0.036,0.035,0.335,0.397,0.039,0.305,0.182,0.204,0.177,0.037,0.202,0.143,0.36,0.045,0.207,0.191,0.195,0.153,0.045,0.153,0.156,0.045,0.424,0.467,0.178,0.179,0.162,0.167,0.038,0.367,0.338,0.166,0.369,0.039,0.192,0.042,0.303,0.156,0.387,0.194,0.167,0.174,0.038,0.039,0.173,0.037,0.158,0.042,0.171,0.156,0.389,0.18,0.149,0.308,0.033,0.453
0.174,0.201,0.324,0.351,0.218,0.222,0.329,0.305,0.229,0.201,0.937,0.165,0.09,0.077,0.179,0.16,0.36,0.079,0.405,0.148,0.203,0.208,0.087,0.191,0.27,0.172,0.372,0.164,0.082,0.194,0.174,0.191,0.164,0.029,0.304,0.247,0.165,0.081,0.184,0.079,0.316,0.241,0.205,0.247,0.891,0.176,0.201,0.176,0.213,0.466,0.168,1.0,0.202,0.204,0.187,0.03,0.337,0.386,0.184,0.849,0.853,0.211,0.176,0.491,0.195,0.203,0.366,0.366,0.081,0.184,0.305,0.037,0.215,0.171,0.16,0.216,0.146,0.095,0.287,0.329,0.58,0.186,0.202,0.327,0.201,0.34,0.349,0.19,0.037,0.176,0.188,0.037,0.033,0.367,0.239,0.194,0.329,0.039,0.37,0.19,0.32,0.702,0.085,0.36,0.08,0.203,0.091,0.193,0.179,0.039,0.371,0.316,0.032,0.197,0.197
0.19,0.188,0.184,0.202,0.206,0.21,0.188,0.173,0.843,0.188,0.188,0.03,0.04,0.033,0.032,0.039,0.207,0.034,0.204,0.036,0.037,0.038,0.038,0.035,0.139,0.601,0.215,0.04,0.036,0.035,0.61,0.035,0.04,0.032,0.158,0.237,0.041,0.035,0.034,0.034,0.18,0.23,0.228,0.237,0.188,0.032,0.188,0.032,0.201,0.896,0.042,0.202,1.0,0.037,0.034,0.033,0.193,0.224,0.646,0.196,0.195,0.039,0.032,0.586,0.036,0.037,0.194,0.212,0.035,0.041,0.173,0.042,0.783,0.042,0.039,0.04,0.032,0.042,0.148,0.188,0.245,0.034,0.037,0.171,0.037,0.195,0.201,0.669,0.042,0.039,0.034,0.043,0.037,0.183,0.228,0.035,0.188,0.045,0.185,0.035,0.167,0.211,0.037,0.207,0.035,0.19,0.04,0.035,0.032,0.045,0.214,0.18,0.036,0.184,0.036
0.081,0.08,0.187,0.169,0.034,0.035,0.158,0.175,0.043,0.08,0.19,0.175,0.306,0.082,0.19,0.172,0.209,0.418,0.255,0.159,0.219,0.458,0.093,0.93,0.145,0.08,0.217,0.177,0.436,0.208,0.081,0.204,0.177,0.031,0.165,0.039,0.178,0.086,0.197,0.418,0.183,0.097,0.097,0.1,0.08,0.381,0.08,0.187,0.033,0.034,0.321,0.204,0.037,1.0,0.2,0.032,0.162,0.226,0.086,0.084,0.083,0.465,0.187,0.036,0.427,0.219,0.201,0.177,0.086,0.199,0.175,0.322,0.04,0.185,0.172,0.233,0.155,0.102,0.155,0.158,0.103,0.199,0.217,0.178,0.216,0.197,0.203,0.089,0.328,0.469,0.201,0.329,0.035,0.229,0.038,0.424,0.19,0.344,0.231,0.203,0.174,0.09,0.092,0.209,0.086,0.193,0.098,0.207,0.19,0.345,0.216,0.183,0.279,0.079,0.211
0.075,0.074,0.173,0.155,0.031,0.032,0.146,0.163,0.039,0.074,0.176,0.598,0.088,0.076,0.644,0.157,0.192,0.231,0.229,0.145,0.2,0.204,0.085,0.187,0.135,0.074,0.198,0.416,0.214,0.472,0.075,0.187,0.417,0.221,0.151,0.035,0.419,0.211,0.355,0.206,0.413,0.088,0.088,0.091,0.074,0.428,0.074,0.173,0.031,0.031,0.428,0.187,0.034,0.2,1.0,0.201,0.149,0.205,0.079,0.077,0.076,0.207,0.634,0.033,0.192,0.732,0.182,0.162,0.079,0.18,0.163,0.036,0.036,0.167,0.157,0.212,0.304,0.246,0.143,0.146,0.093,0.67,0.726,0.163,0.197,0.181,0.186,0.081,0.037,0.173,0.459,0.037,0.032,0.208,0.034,0.191,0.429,0.038,0.21,0.186,0.16,0.082,0.223,0.192,0.079,0.348,0.089,0.463,0.435,0.038,0.198,0.169,0.032,0.073,0.951
0.028,0.028,0.028,0.03,0.03,0.031,0.028,0.026,0.037,0.028,0.028,0.026,0.033,0.029,0.028,0.033,0.031,0.201,0.036,0.031,0.032,0.033,0.032,0.03,0.026,0.028,0.032,0.034,0.209,0.03,0.028,0.03,0.034,0.192,0.029,0.034,0.034,0.206,0.029,0.201,0.027,0.033,0.033,0.034,0.028,0.028,0.028,0.028,0.03,0.03,0.035,0.03,0.033,0.032,0.201,1.0,0.029,0.033,0.03,0.029,0.029,0.033,0.028,0.032,0.031,0.032,0.035,0.031,0.03,0.035,0.026,0.035,0.035,0.035,0.033,0.034,0.963,0.24,0.028,0.028,0.035,0.029,0.032,0.031,0.031,0.029,0.03,0.031,0.036,0.033,0.03,0.036,0.031,0.033,0.033,0.03,0.028,0.037,0.034,0.03,0.031,0.031,0.217,0.031,0.03,0.028,0.034,0.03,0.028,0.037,0.032,0.027,0.031,0.028,0.211
0.247,0.305,0.409,0.442,0.33,0.336,0.415,0.386,0.218,0.305,0.316,0.132,0.033,0.029,0.142,0.451,0.49,0.029,0.426,0.419,0.161,0.165,0.032,0.151,0.403,0.163,0.467,0.156,0.031,0.154,0.165,0.151,0.156,0.028,0.451,0.373,0.157,0.03,0.147,0.029,0.4,0.363,0.275,0.373,0.193,0.376,0.305,0.14,0.56,0.207,0.16,0.337,0.193,0.162,0.149,0.029,1.0,0.727,0.174,0.201,0.199,0.45,0.14,0.218,0.155,0.161,0.349,0.46,0.03,0.175,0.386,0.035,0.205,0.481,0.451,0.171,0.14,0.035,0.427,0.415,0.243,0.148,0.16,0.483,0.159,0.464,0.439,0.179,0.036,0.169,0.15,0.036,0.031,0.388,0.626,0.154,0.415,0.037,0.391,0.151,0.474,0.214,0.032,0.769,0.03,0.309,0.034,0.412,0.142,0.037,0.791,0.679,0.031,0.3,0.156
